[gd_scene load_steps=10 format=3 uid="uid://dppv2eu1wpv64"]

[ext_resource type="Script" path="res://scripts/resources/gun_instance_3d.gd" id="1_jh4lp"]
[ext_resource type="ArrayMesh" uid="uid://c261ucnj47lj5" path="res://data/meshes/items/ak_47_mesh.res" id="1_xal44"]
[ext_resource type="PackedScene" uid="uid://42mn0hqs3ak7" path="res://scenes/projectiles/bullet.tscn" id="2_02b6o"]
[ext_resource type="Resource" uid="uid://dr3ejjjp7dmtq" path="res://data/item_data/ak_47.tres" id="2_5wnnd"]
[ext_resource type="Animation" uid="uid://bcbdwx6qmq2cv" path="res://data/animations/items/ak_47/fire.tres" id="4_2a7ni"]
[ext_resource type="Animation" uid="uid://u6iyrto5h5wi" path="res://data/animations/items/ak_47/reload.tres" id="5_j1li6"]

[sub_resource type="Animation" id="Animation_g2nkq"]
length = 0.001

[sub_resource type="AnimationLibrary" id="AnimationLibrary_ee3qs"]
_data = {
"RESET": SubResource("Animation_g2nkq"),
"fire": ExtResource("4_2a7ni"),
"reload": ExtResource("5_j1li6")
}

[sub_resource type="Skin" id="Skin_m1uf5"]
resource_name = "Skin"
bind_count = 7
bind/0/name = &"body"
bind/0/bone = -1
bind/0/pose = Transform3D(7.54979e-08, -1, 7.53651e-08, -1.7807e-07, -7.53651e-08, -1, 1, 7.54979e-08, -1.7807e-07, 0.0750614, -0.11468, -3.10041e-08)
bind/1/name = &"bolt"
bind/1/bone = -1
bind/1/pose = Transform3D(3.78154e-08, -1, 3.76825e-08, -1.7807e-07, -3.76826e-08, -1, 1, 3.78153e-08, -1.7807e-07, 0.0574656, -0.00629137, -1.05832e-08)
bind/2/name = &"selector"
bind/2/bone = -1
bind/2/pose = Transform3D(-1, -3.12107e-08, 1.87922e-07, -1.88231e-07, -0.115495, -0.993308, 5.2809e-08, -0.993308, 0.115495, -1.16197e-08, 0.116291, 0.0164037)
bind/3/name = &"mag release"
bind/3/bone = -1
bind/3/pose = Transform3D(0.985091, -0.0295962, 0.169469, -3.46452e-07, -0.985091, -0.172036, 0.172034, 0.169471, -0.970404, -0.00533488, -0.0148401, 0.0305484)
bind/4/name = &"mag"
bind/4/bone = -1
bind/4/pose = Transform3D(-1, -9.04404e-09, 7.21829e-07, -2.52119e-07, -0.946469, -0.322794, 6.90782e-07, -0.322794, 0.946469, 1.20238e-08, 0.0494532, 0.0236779)
bind/5/name = &"bullet"
bind/5/bone = -1
bind/5/pose = Transform3D(4.09168e-07, -0.998996, -0.0447876, -2.27667e-07, 0.0447876, -0.998997, 1, 4.39027e-07, -1.35738e-07, 0.0714272, 0.04075, -3.38396e-08)
bind/6/name = &"bullets"
bind/6/bone = -1
bind/6/pose = Transform3D(5.18048e-08, -0.997615, -0.0690263, -1.6135e-07, 0.0690264, -0.997615, 1, 8.13671e-08, -1.64163e-07, 0.0627281, 0.0407477, -5.48766e-09)

[node name="AK47" type="Node3D" node_paths=PackedStringArray("muzzle", "animation_player")]
script = ExtResource("1_jh4lp")
bullet_projectile = ExtResource("2_02b6o")
muzzle = NodePath("Muzzle")
animation_player = NodePath("AnimationPlayer")
item_data = ExtResource("2_5wnnd")

[node name="AnimationPlayer" type="AnimationPlayer" parent="."]
libraries = {
"": SubResource("AnimationLibrary_ee3qs")
}

[node name="Muzzle" type="Node3D" parent="."]
transform = Transform3D(1, 0, 0, 0, 1, 0, 0, 0, 1, 0, 0.0387296, -0.542596)

[node name="ak_armature" type="Node3D" parent="."]

[node name="Skeleton3D" type="Skeleton3D" parent="ak_armature"]
bones/0/name = "body"
bones/0/parent = -1
bones/0/rest = Transform3D(0, -5.96046e-08, 1, -1, -1.19209e-07, 5.96046e-08, 5.96046e-08, -1, -1.19209e-07, 4.9161e-09, 0.0750614, -0.11468)
bones/0/enabled = true
bones/0/position = Vector3(4.91609e-09, 0.0750614, -0.11468)
bones/0/rotation = Quaternion(0.5, -0.5, 0.5, -0.5)
bones/0/scale = Vector3(1, 1, 1)
bones/1/name = "bolt"
bones/1/parent = 0
bones/1/rest = Transform3D(1, -3.76825e-08, 3.76825e-08, 3.76825e-08, 1, 4.33401e-14, -3.76825e-08, -4.19201e-14, 1, 0.0175958, -0.108389, -1.82555e-08)
bones/1/enabled = true
bones/1/position = Vector3(0.0175958, -0.108389, -1.82555e-08)
bones/1/rotation = Quaternion(-2.1315e-14, 1.88413e-08, 1.88413e-08, 1)
bones/1/scale = Vector3(1, 1, 1)
bones/2/name = "selector"
bones/2/parent = 0
bones/2/rest = Transform3D(-1.19209e-07, 0.115495, 0.993308, -3.72529e-09, 0.993308, -0.115495, -1, -1.49012e-08, -1.19209e-07, 0.0453363, -0.228299, -4.0188e-08)
bones/2/enabled = true
bones/2/position = Vector3(0.0453363, -0.228299, -4.0188e-08)
bones/2/rotation = Quaternion(0.0409023, 0.705923, -0.0409023, 0.705923)
bones/2/scale = Vector3(1, 1, 1)
bones/3/name = "mag release"
bones/3/parent = 0
bones/3/rest = Transform3D(0.0295962, 0.985091, -0.169471, -0.169469, 0.172036, 0.970404, 0.985091, -3.8743e-07, 0.172034, 0.0950152, -0.142675, -4.35437e-08)
bones/3/enabled = true
bones/3/position = Vector3(0.0950152, -0.142675, -4.35437e-08)
bones/3/rotation = Quaternion(-0.413983, -0.492546, -0.492545, 0.586017)
bones/3/scale = Vector3(1, 1, 1)
bones/4/name = "mag"
bones/4/parent = 0
bones/4/rest = Transform3D(0, 0.946469, 0.322794, -5.96047e-07, 0.322794, -0.946469, -1, -1.78814e-07, 5.36442e-07, 0.0206124, -0.108233, -1.88677e-08)
bones/4/enabled = true
bones/4/position = Vector3(0.0206124, -0.108233, -1.88677e-08)
bones/4/rotation = Quaternion(0.411462, 0.575064, -0.411463, 0.575064)
bones/4/scale = Vector3(1, 1, 1)
bones/5/name = "bullet"
bones/5/parent = 4
bones/5/rest = Transform3D(-4.76837e-07, -5.96046e-07, -1, 0.959977, 0.28008, -5.96046e-07, 0.28008, -0.959977, 4.76837e-07, 3.38153e-08, -0.0305285, 0.0427916)
bones/5/enabled = true
bones/5/position = Vector3(3.38153e-08, -0.0305285, 0.0427916)
bones/5/rotation = Quaternion(-0.42424, -0.565703, 0.424241, 0.565703)
bones/5/scale = Vector3(1, 1, 1)
bones/6/name = "bullets"
bones/6/parent = 4
bones/6/rest = Transform3D(-1.19209e-07, -5.96046e-07, -1, 0.966493, 0.256693, -2.98023e-07, 0.256693, -0.966493, 5.96046e-07, 3.59427e-08, -0.0216327, 0.0469584)
bones/6/enabled = true
bones/6/position = Vector3(3.59427e-08, -0.0216327, 0.0469584)
bones/6/rotation = Quaternion(-0.431076, -0.560511, 0.431076, 0.560512)
bones/6/scale = Vector3(1, 1, 1)

[node name="ak_472" type="MeshInstance3D" parent="ak_armature/Skeleton3D"]
mesh = ExtResource("1_xal44")
skin = SubResource("Skin_m1uf5")
